      2
      78016
      152017
      184542
      211215
      331829
      331846
      332036
      332887
      333305
      334643
      338737
      339672
      365111
      423451
      424856
      434542
      434617
      447498
      450377
      497400
      910054
      914187
      914558
      927647
      934753
      938511
      944449
      952550
      952663
      957666
      960523
      970613
      976737
      980021
      980764
      1021264
      1034133
      1040078
      1052757
      1056889
      1061844
      1068603
      1078340
      1123581
      1135012
      1172478
      1183328
      1192670
      1194675
      1204705
      1259984
      1269626
      1274446
      1282633
      1305567
      1310616
      1329093
      1333129
      1434715
      1470624
      1491110
      1517611
      1528452
      1570867
      1588643
      1618706
      1623634
      1629240
      1654097
      1657186
      1667095
      1677481
      1678633
      1709100
      1775277
      1790575
      1813506
      1814422
      1908918
      1933711
      1946432
      1960860
      2149663
      2264145
      2286093
      2286879
      2344963
      2377714
      2435217
      2473711
      2573782
      2587759
      2589213
      2601757
      2626923
      2628906
      2654957
      2715225
      2746126
