      129
      117730
      229796
      330884
      332528
      333039
      337007
      338962
      340460
      430035
      433954
      447498
      455723
      675254
      734138
      906494
      908957
      929552
      938295
      955661
      960438
      979228
      989702
      994830
      1000284
      1020735
      1043145
      1057936
      1061745
      1067237
      1084108
      1088465
      1107747
      1158800
      1173333
      1206272
      1220993
      1246780
      1250422
      1261664
      1277267
      1278366
      1282895
      1286791
      1290861
      1303699
      1310435
      1331890
      1338511
      1341982
      1357610
      1363446
      1366313
      1366715
      1378403
      1420497
      1433756
      1445574
      1458560
      1495217
      1498270
      1508230
      1539238
      1585159
      1617404
      1644847
      1652022
      1654125
      1661525
      1667095
      1668055
      1675701
      1676650
      1676830
      1679472
      1687984
      1696297
      1713243
      1726711
      1758298
      1765101
      1784672
      1872047
      1947368
      1948614
      1976632
      2022388
      2041342
      2059756
      2261994
      2321287
      2325679
      2365258
      2377003
      2378695
      2406510
      2459972
      2531852
      2592316
      2697230
