      8
      10
      11
      53
      113
      174
      180
      183
      189
      226
      231
      279
      319
      321
      331
      340
      357
      383
      422
      499
      523
      530
      589
      627
      691
      704
      720
      790
      832
      914
      948
      1017
      1019
      1034
      1044
      1060
      1067
      1108
      1125
      1208
      1323
      1334
      1340
      1380
      1407
      1476
      1492
      1530
      1588
      1747
      1766
      1837
      1968
      1988
      2019
      2062
      2074
      2092
      2275
      2419
      2725
      2864
      3018
      3052
      3444
      3521
      340155
